1	205,76,95,97,31
10	140,153,20,215,221
100	137,45,127,76,95
101	43,9,152,113,71
103	181,36,209,222,66
104	58,85,125,142,197
105	51,58,160,95,97
106	163,168,3,72,206
108	134,47,12,148,227
109	221,62,65,165,95
11	59,187,190,197,206
110	163,232,71,119,17
111	58,1,105,109,12
112	197,72,57,206,143
113	181,185,188,228,118
114	177,92,58,169,222
115	140,167,221,48,127
116	1,140,33,45,104
117	225,133,180,151,190
118	220,9,237,113,152
119	157,223,3,103,113
12	207,141,108,109,191
120	212,89,168,42,190
121	86,14,189,125,172
122	6,205,218,231,1
123	6,146,218,35,2
124	222,17,66,101,169
125	14,58,77,172,85
126	12,221,105,127,137
127	100,231,235,230,21
128	158,35,8,41,162
129	39,184,60,62,84
13	33,114,133,138,199
131	1,140,203,21,45
132	84,15,170,231,2
133	145,4,117,92,3
134	204,156,146,108,235
135	209,151,56,63,124
136	159,206,67
137	100,41,25,126,93
138	57,143,58,13,222
139	58,184,60,62,65
14	121,125,172,58,119
140	218,215,141,115,55
141	161,140,167,58,84
142	58,113,104,119,13
143	106,138,187,224,33
144	69,142,203,57,146
145	133,180,168,42,151
146	160,134,91,218,205
147	170,231,182,207,108
148	158,37,182,108,129
149	1,100,101,105,108
15	132,158,182,179,40
150	200,222,228,80,198
151	61,117,145,176,187
152	66,80,101,118,159
153	10,140,126,167,182
154	42,190,72,206,57
155	85,229,54,38,162
156	134,165,204,227,31
157	119,200,99,220,9
158	128,45,15,90,148
159	66,3,43,9,152
16	209,56,124,151,17
160	146,204,20,105,8
161	28,141,55,25,126
162	12,155,39,47,201
163	106,3,197,190,72
164	184,201,165,75,76
165	90,207,156,109,8
166	100,231,207,85,108
167	182,141,230,164,115
168	18,44,106,120,145
169	52,193,237,114,199
17	124,110,24,114,125
170	147,91,132,158,37
171	63,124,17,211,96
172	125,14,189,77,121
173	128,148,15,156,167
174	3,190,72,206,57
175	96,7,113,13,85
176	225,177,180,151,42
177	114,176,89,225,180
178	57,190,203,61,69
179	218,15,39,76,204
18	168,197,190,72,57
180	145,61,176,117,4
181	103,113,237,186,42
182	167,201,47,15,58
183	222,56,66,78,101
184	48,79,129,210,230
185	113,42,124,183,24
186	181,188,198,209,101
187	11,3,42,151,72
188	113,237,152,186,42
189	58,105,109,137,15
19	69,203,57,175,187
190	33,117,120,154,174
191	205,65,97,6,100
192	25,12,126,140,148
193	169,66,3,220,103
194	112,162,174,197,199
195	174,199,212,59,106
196	1,100,105,108,109
197	112,232,34,61,18
198	3,220,150,237,113
199	13,169,194,195,222
2	31,158,20,81,132
20	90,6,160,218,2
200	66,157,223,43,3
201	182,8,21,38,164
202	189,58,67,7,1
203	33,56,57,113,119
204	88,134,160,218,156
205	60,1,227,97,146
206	106,163,174,187,226
207	221,165,95,12,166
209	36,223,103,152,237
21	201,88,127,160,51
210	207,221,184,165,1
211	110,203,71,169,17
212	120,58,222,13,169
213	220,150,113,152,71
214	190,212,142,187,42
215	140,158,37,91,182
216	33,85,121,137,162
217	104,121,142,194,195
218	140,76,204,146,20
219	58,33,44,197,212
22	71,42,124,183,24
220	118,198,213,193,52
221	207,109,85,210,229
222	52,103,150,71,114
223	209,119,43,200,99
224	42,143,57,206,194
225	61,117,176,177,42
226	92,42,151,206,58
227	91,205,156,108,129
228	9,150,113,71,186
229	155,221,58,207,76
23	121,33,85,137,162
230	167,184,127,165,62
231	51,39,127,147,158
232	197,190,72,57,143
233	33,121,137,197,44
234	151,1,140,45,101
235	127,134,76,47,100
236	167,12,148,156,170
237	3,118,169,188,198
238	108,109,128,134,137
24	119,169,17,222,118
240	269,242,263,286,339
241	256,298,251,301,243
242	334,256,298,240,309
243	335,305,338,241,242
244	260,255,282,318,321
245	317
246	281,303
247	303
248	249,255,290,307,326
249	255,315,331,306,322
25	45,84,132,137,161
250	255,290,326,331,340
251	335,241,242,256,269
252	333,257,275,287,306
253	263,269,305,241,242
254	272,259,278,317,330
255	249,260,282,330,244
256	295,241,242,334,273
257	252,282,318,321,330
258	266,276,301,302,264
259	300,254,261,270,278
260	244,255,287,315,322
261	259,278,299,308,317
262	280,332
263	305,273,286,309,240
264	325,335,258,305,338
265	290,326,255,287,297
266	301,302,276,258,336
267	336,305,337,241,242
268	292
269	274,240,286,253,310
27	104,142,203,1,101
270	259,278,299,308,317
271	280,332
272	254
273	283,263,334,256,285
274	269,339,334,285,240
275	252,282,321,340,257
276	339,266,258,313,335
277	256,284,293,295,298
278	254,259,261,270,314
279	339,263,269,305
28	161,45,58,48,215
280	262,271,252,260,282
281	246,303
282	255,244,257,275,287
283	273,305,285,256,298
284	277,339,263,269,305
285	283,273,274,263,269
286	263,269,305,339,240
287	290,324,306,297,303
289	299,308
290	340,287,311,297,265
291	339,263,269,305
292	268
293	277,339,263,269,305
294	266,276,301,302,313
295	256,277,339,263,269
296	304,290,303,307,315
297	287,290,322,324,331
298	241,242,334,273,277
299	261,270,280,289,314
3	163,106,187,174,198
30	69,110,113,125,163
300	259,280,332
301	302,266,258,313,337
302	301,266,339,258,336
303	306,315,322,324,333
304	296,290,303,307,315
305	263,283,243,264,267
306	315,322,333,287,303
307	290,326,248,255,265
308	261,270,280,289,314
309	263,339,242,305,273
31	48,79,1,156,2
310	334,269,242,263,274
311	290,315,322,331,287
312	277,339,263,269,305
313	276,301,320,339,266
314	327,259,278,299,308
315	306,303,311,249,252
316	243,258,264,266,267
317	245,254,261,270,278
318	330,333,244,255,257
319	244,252,255,257,260
32	106,11,114,117,120
320	313,294,305,338,241
321	330,333,244,255,257
322	306,303,311,297,249
323	255,287,290,315,324
324	287,340,303,306,297
325	264,339,336,294,305
326	252,260,265,282,307
327	314,259,278,299,308
328	252,260,255,282,287
33	190,206,57,143,13
330	318,321,255,244,257
331	311,249,297,252,260
332	259,262,271,280,300
333	252,306,303,297,318
334	242,256,273,274,298
335	243,251,264,276,339
336	267,266,302,325,258
337	276,301,339,266,267
338	243,251,264,276,320
339	276,274,302,325,313
34	197,57,143,206,194
340	290,324,297,303,311
341	252,260,280,282,333
342	303
344	249,265
346	566,420,534,415,491
347	388,540,389,406,477
348	349,360,361,362,380
349	348,360,361,362,380
35	128,62,48,65,97
350	358,534,422,439,582
351	499,365,374,428,527
352	388,422,566,456,560
353	462,437,453,512,570
354	424,437,529,478,387
355	415,456,561,442,458
356	388,566,389,406,446
357	518,448,406,422,477
358	582,465,350,491,474
359	467,483,501,423,532
36	209,99,103,113,150
360	424,551,579,576,594
361	437,463,478,452,432
362	431,538,462,570,588
363	496,415,388,505,558
364	448,451,496,395,420
365	542,357,453,456,496
366	496,491,388,566,389
367	483,453,549,391,433
368	496,534,388,560,566
369	459,580,358,363,365
37	58,148,215,170,156
370	358,375,379,405,415
371	422,550,589,421,377
372	518,420,451,442,568
373	458,505,560,375,422
374	550,451,456,505,420
375	580,542,381,584,531
376	354,358,359,361,363
377	371,422,589,451,577
378	439,560,421,403,396
379	566,495,421,439,527
38	201,45,155,88,127
380	478,437,452,588,402
381	421,470,575,375,542
382	456,496,566,388,422
383	549,433,581,437,485
384	456,470,495,566,429
385	405,456,518,566,605
386	551,576,579,536,423
387	354,424,437,529,597
388	406,446,558,389,540
389	388,406,446,507,540
39	231,129,179,46,21
390	518,589,375,505,358
391	588,607,453,594,433
392	388,496,566,406,456
393	373,566,589,458,470
394	440,453,551,588,463
395	439,550,577,446,558
396	534,582,542,378,527
397	518,534,589,415,495
398	491,476,534,465,496
399	510,610,433,348,349
4	133,168,180,151,197
40	76,31,6,123,204
400	550,448,554,439,451
401	424,551,597,501,594
402	440,478,437,588,380
403	560,439,495,589,378
404	411,452,501,607,588
405	550,488,491,507,531
406	388,446,389,531,540
407	532,551,510,576,594
408	440,354,437,453,424
409	422,439,496,456,470
41	137,45,128,47,60
410	440,463,551,483,452
411	581,433,569,597,485
412	475,534,358,415,457
413	462,437,453,512,570
414	439,456,496,566,560
415	534,498,429,491,528
416	440,453,551,559,588
417	462,437,453,512,570
418	351,357,365,394,398
419	388,540,405,534,347
42	226,89,145,187,224
420	560,439,568,471,372
421	575,542,371,457,379
422	589,371,460,377,350
423	463,359,467,483,532
424	594,354,360,597,543
425	495,560,470,458,422
426	456,534,589,358,421
427	575,358,375,439,470
428	351,365,476,499,597
429	415,442,421,550,580
43	101,223,52,159,200
430	560,439,470,442,420
431	362,462,570,588
432	549,483,594,433,485
433	432,467,536,411,597
434	566,388,589,558,442
435	448,477,375,584,405
436	437,512,588,453,463
437	452,478,354,380,511
438	498,388,582,456,580
439	518,420,442,403,378
44	168,72,57,206,58
440	511,567,402,410,462
441	415,358,439,405,422
442	560,439,465,568,540
444	470,451,477,575,375
445	601,581,478,567,579
446	388,406,389,531,395
447	496,456,415,470,505
448	400,471,484,459,465
449	542,388,446,456,470
45	65,100,158,28,41
450	456,470,566,422,406
451	506,374,400,488,372
452	463,437,607,597,543
453	607,391,367,478,501
454	437,512,570,361,407
455	453,536,354,359,367
456	558,374,484,528,519
457	421,495,458,469,506
458	577,560,554,457,471
459	448,358,534,405,582
46	184,205,39,15,60
460	534,582,422,495,580
461	534,575,580,542,495
462	440,424,386,564,548
463	452,467,483,478,423
464	534,518,456,496,566
465	358,442,558,550,580
466	356,379,358,381,388
467	587,433,463,359,579
468	388,495,575,582,584
469	457,406,458,395,375
47	91,182,108,235,229
470	560,522,504,444,595
471	518,448,575,406,420
472	540,388,419,347,406
473	505,518,406,405,375
474	358,422,582,477,558
475	470,358,589,477,451
476	422,550,405,421,575
477	471,498,444,491,347
478	437,354,380,463,536
479	383,432,367,483,549
48	184,31,85,35,28
480	518,540,472,589,419
481	462,437,453,512,570
482	461,456,496,515,534
483	432,551,588,463,594
484	456,448,439,580,527
485	432,411,536,543,445
486	440,551,433,437,501
487	496,589,422,358,405
488	518,405,451,582,421
489	410,437,463,485,543
49	3,106,112,114,138
490	589,371,456,566,375
491	358,415,405,448,477
492	465,491,550,388,420
493	588,543,594,357,411
494	441,451,476,496,518
495	554,527,457,568,379
496	531,392,590,608,447
497	410,462,489,541,570
498	566,415,505,527,577
499	582,406,477,558,451
5	58,8,1,103,105
50	110,121,124,135,143
500	440,452,432,588,485
501	496,415,505,358,448
502	388,472,495,518,540
503	588,552,501,594,391
504	505,470,534,420,442
505	542,527,498,504,374
506	451,439,457,568,589
507	388,389,406,446,405
508	433,360,361,380,386
509	415,420,456,469,575
51	231,105,54,21,162
510	576,407,571,411,536
511	440,437,478,354,453
512	432,359,467,576,607
513	411,551,452,567,588
514	356,447,451,560,569
515	383,470,388,439,446
516	456,566,580,439,495
517	388,406,446,347,477
518	575,542,439,471,488
519	388,406,446,456,575
52	169,222,43,220,9
520	456,566,560,358,406
521	462,437,453,512,570
522	470,560,518,550,442
523	535,588,433,437,463
524	379,358,447,451,560
525	388,566,540,582,358
526	351,357,365,394,398
527	505,495,498,400,554
528	415,456,470,550,558
529	354,591,387,437,478
53	133,138,145,180,197
530	597,432,549,467,424
531	388,496,406,446,389
532	407,359,607,423,597
533	543,415,439,471,496
534	415,554,396,461,460
535	433,437,485,549,581
536	433,581,478,485,386
537	397,350,357,371,372
538	362,570,588,361,380
539	415,458,534,550,584
54	155,51,62,221,60
540	388,406,389,442,347
541	410,433,437,463,485
542	518,505,558,421,375
543	549,432,452,424,581
544	476,499,567,456,588
545	534,566,456,415,589
546	534,496,456,495,415
547	422,375,560,371,457
548	453,607,452,579,386
549	432,543,383,587,574
55	158,161,39,51,58
550	405,371,374,400,395
551	483,386,360,574,407
552	503,594,467,579,411
553	530,354,359,383,387
554	534,458,495,400,527
555	347,352,356,357,358
556	377,415,506,550,350
557	405,470,495,496,580
558	456,388,542,465,395
559	588,551,483,453,463
56	203,119,183,42,96
560	470,589,442,420,458
561	470,560,495,458,558
562	462,437,453,512,570
563	452,354,383,437,529
564	576,359,594,597,607
565	462,512,541,588,610
566	577,379,498,545,392
567	440,501,445,551,588
568	420,575,442,582,495
569	456,375,575,457,461
57	61,138,197,44,112
570	551,433,597,424,510
571	510,478,452,579,359
572	534,415,477,491,406
573	505,534,518,558,477
574	483,551,549,543,594
575	518,421,568,461,471
576	597,386,579,510,564
577	566,458,395,542,471
578	437,440,453,462,463
579	467,576,386,483,445
58	37,105,182,28,141
580	582,375,461,465,381
581	411,536,543,445,383
582	358,580,568,396,488
583	442,496,420,458,350
584	375,558,422,446,527
585	470,388,575,358,495
586	531,566,388,477,448
587	467,601,588,549,437
588	483,391,587,503,569
589	422,560,371,403,471
59	11,92,151,13,169
590	496,456,518,575,420
591	354,529,424,551,387
592	496,560,456,505,358
593	518,534,575,505,582
594	424,432,483,501,552
595	388,470,448,550,582
596	383,440,445,483,551
597	576,424,452,411,433
598	594,354,411,453,424
599	437,588,478,511,354
6	20,85,122,123,191
60	205,129,46,54,139
600	358,447,451,560,569
601	587,445,433,532,478
602	551,574,569,424,445
603	505,589,550,560,400
604	429,505,375,358,495
605	388,505,415,458,389
606	358,448,518,534,477
607	452,453,391,532,569
608	496,566,518,505,477
609	360,361,380,386,402
61	225,180,151,197,57
610	359,467,576,607,391
612	639,674,677,680,818
613	848,701,653,790,710
614	827,739,713,773,628
615	639,696,713,741,788
616	653,737,800,613,620
617	618,654,656,679,686
618	656,766,679,617,732
619	628,713,755,739,747
62	97,35,109,141,129
620	769,787,671,711,715
621	696,639,702,706,730
622	630,633,653,662,719
623	812,758,811,770,724
624	787,835
625	616,620,633,653,664
627	741,742,823,635,739
628	718,836,788,741,647
629	713,677,827,759,795
63	171,119,17,211,213
630	622,633,641,653,655
631	739,773,795,628,677
632	666,696,698,723,734
633	733,826,658,664,735
634	639,836,635,688,729
635	729,788,717,706,693
637	810,659,710,753,796
638	765,773,635,631,772
639	730,747,612,718,725
64	110,124,209,71,14
641	655,697,709,722,771
642	612,614,628,635,639
643	827,759,772,674,846
644	827,846,739,759,765
645	648,821,677,680,836
646	613,633,661,669,701
647	823,628,827,772,639
648	645,742,788,647,741
649	783
65	84,45,109,35,141
650	759,639,657,677,688
651	769
652	846,755,730,718,788
653	613,623,669,701,720
654	679,617,732,778
655	641,630,633,653,662
656	618,679,617,732,778
657	718,730,747,788,742
658	633,710,714,737,769
659	637,613,633,661,703
66	193,159,200,103,220
660	696,741,827,843,644
661	743,724,845,714,701
662	622,630,633,641,653
663	762
664	633,806,620,625,653
665	612,628,629,635,639
666	696,723,827,759,739
667	723,730,673,823,763
668	680,639,759,773,827
669	834,770,848,845,810
67	58,137,189,197,33
670	612,615,619,627,635
671	620,710,733,769,787
672	723,759,823,773,730
673	763,759,723,635,836
674	759,612,818,836,643
675	696,765,788,846,680
676	638,693,695,696,707
677	730,612,741,629,645
678	620,803,804
679	618,654,656,738,766
68	203,142,190,57,58
680	730,785,612,718,645
682	639,696,785,730,823
683	696,631,759,827,635
684	827,635,713,773,631
685	639,754,788,815,666
686	617,732,778
687	694,804
688	639,723,821,648,718
689	650,759
69	42,209,57,19,110
690	696,739,823,773,827
691	728,733,803,620,671
693	773,846,635,747,657
694	687,804
695	696,827,759,823,772
696	749,695,792,698,666
697	641,630,633,653,662
698	696,765,827,638,773
699	828
7	33,44,137,174,175
70	85,1,104,116,125
701	613,720,802,661,669
702	741,696,708,846,627
703	743,714,712,701,653
704	827,628,635,674,713
705	846,785,635,747,823
706	635,639,723,823,788
707	708,723,741,693,730
708	635,759,773,823,713
709	641,630,633,653,662
71	22,52,66,80,101
710	769,714,613,623,661
711	715,816,787,620,710
712	703,720,802,838,661
713	742,629,614,799,843
714	661,703,758,814,838
715	711,816,787,620,710
716	680,696,772,773,836
717	635,723,773,827,677
718	723,628,639,657,765
719	622,630,633,641,653
72	44,106,112,154,163
720	760,701,712,653,710
721	638,639,739,741,631
722	641,630,633,653,662
723	718,824,717,801,763
724	800,661,758,782,812
725	639,765,772,846,742
726	713,729,741,765,652
728	803,620,691,710,769
729	635,785,788,730,612
73	8,1,104,106,11
730	639,657,677,680,818
731	741,827,684,759,836
732	618,654,656,679,686
733	633,653,671,691,737
734	723,742,823,763,785
735	633,613,661,703,710
736	677,767,818,639,652
737	745,845,769,616,658
738	679,617,732,778
739	631,843,614,644,807
74	151,1,104,140,203
740	631,645,739,759,612
741	677,628,833,755,645
742	713,747,657,725,821
743	703,814,661,758,623
744	612,635,639,647,673
745	737,814,782,758,743
746	677,723,739,713,763
747	639,846,765,795,785
749	696,823,772,833,639
75	90,105,108,85,109
750	622,630,633,641,653
752	824,827,635,677,846
753	637,613,633,661,703
754	788,846,730,843,667
755	833,846,767,639,652
756	696,723,684,730,741
757	837,787,620,710,769
758	623,782,770,811,724
759	785,818,674,821,643
76	218,100,1,179,40
760	720,802,819,838,812
761	616,620,625,633,653
762	663,764
763	723,657,673,730,742
764	710,733,835,671,762
765	833,747,725,755,718
766	618,679,617,732,778
767	639,755,785,730,747
768	739,773,628,635,645
769	710,737,613,620,669
77	125,96,172,58,212
770	623,669,758,812,782
771	641,630,633,653,662
772	823,785,725,839,643
773	839,717,631,693,614
774	616,620,625,633,653
775	788,639,763,824,673
776	811,812,653,790,710
777	633,658,710,714,737
778	618,654,656,679,686
779	716,612,627,628,631
78	103,113,152,237,71
781	628,639,645,648,657
782	819,758,745,724,770
783	649
785	772,759,747,818,680
787	620,710,711,715,757
788	635,628,657,729,652
789	623,714,737,758,770
79	184,95,31,20,132
790	613,669,776,814,661
791	696,739,741,759,631
792	696,827,677,713,824
794	612,614,635,639,645
795	747,725,629,843,631
796	637,613,633,661,703
797	639,677,773,635,688
799	628,713,823,648,765
8	201,128,165,134,160
80	9,150,152,71,186
800	834,848,724,810,712
801	723,755,652,846,759
802	760,810,701,712,653
803	728,800,633,653,691
804	620,678,687,694,803
805	616,710
806	633,664,620,625,653
807	823,639,739,795,657
808	612,730,795,614,635
809	616,620,625,633,653
81	84,205,1,2,105
810	800,802,814,838,669
811	776,623,758,834,848
812	776,623,770,724,760
813	739,635,713,795,628
814	743,745,845,714,810
815	741,739,759,765,823
816	711,715,787,837,620
817	696,739,759,823,639
818	759,674,730,785,612
819	782,760,712,653,710
82	42,101,103,104,113
820	628,639,657,677,717
821	759,645,742,747,788
822	787,835
823	772,647,749,706,807
824	846,827,723,755,742
825	840
826	633,737,613,616,620
827	824,836,839,643,644
828	699
83	85,1,104,116,125
830	710
831	620,710,733,769,787
833	765,755,741,742,725
834	800,669,838,782,770
835	800,633,653,764,616
836	827,628,674,645,718
837	757,787,816,620,710
838	834,760,848,845,714
839	827,772,773,765,628
84	65,132,81,141,129
840	616,620,625,633,653
841	628,639,713,821,823
842	616,620,625,633,653
843	739,795,747,713,677
844	680,723,772,639,648
845	737,661,814,838,623
846	824,652,747,755,725
848	613,800,669,838,758
849	616,620,625,633,653
85	155,48,6,221,91
86	121,209,42,163,169
87	203,110,113,124,211
88	204,141,21,38,162
89	120,177,42,92,58
9	101,118,228,80,159
90	165,158,20,75,141
91	47,227,146,215,170
92	114,226,59,89,133
93	134,137,15,160,76
94	104,203,85,1,111
95	97,100,1,79,207
96	175,77,189,58,125
97	62,95,100,205,1
98	163,212,225,23,232
99	36,157,223,43,3
