1-189: 8 21 140 45 85
1-238: 88 48 84 15 21 161 140 105 45
10-12: 25 205 167
10-162: 25 236 167
10-167: 25 12 205 162
10-192: 205 236
10-205: 25 192 12 236 167
10-236: 25 192 205 162
10-25: 12 205 236 167 162
101-24: 80 209
103-237: 185 80 22 223 213 17 228 101 157
103-71: 185 188 198 17 169 157
104-189: 203
104-194: 216 233 203 7 219 195 67 23 42
104-195: 216 194 233 203 7 219 67 23 42
104-203: 216 189 194 233 7 219 195 67 23 42
104-216: 194 233 203 7 219 195 67 23 42
104-219: 216 194 233 203 7 195 67 23 42
104-23: 216 194 233 203 7 219 195 67 42
104-233: 216 194 203 7 219 195 67 23 42
104-42: 216 194 233 203 7 219 195 67 23
104-67: 216 194 233 203 7 219 195 23 42
104-7: 216 194 233 203 219 195 67 23 42
11-146: 
110-124: 96 56 63 209 42
110-13: 42
110-135: 183 16 171
110-151: 171
110-16: 135 183 171
110-168: 
110-171: 151 135 56 183 209 16
110-183: 135 63 209 16 171
110-209: 222 56 183 63 124 171
110-222: 209 42
110-42: 222 13 124
110-56: 63 209 124 171
110-63: 56 183 209 124
110-96: 124
111-137: 8 5
111-233: 
111-5: 137
111-8: 137
112-219: 226 42
112-32: 
113-125: 86 13 71
113-13: 86 163 71 206 125
113-152: 22 222 223 52 17 169 157
113-163: 222 13
113-206: 13 66
113-223: 80 152 22 222 52 17 66 3 169 157
113-43: 80 22 222 17 66 209 3 169 157
113-52: 80 152 22 223 17 66 209 3 157
113-71: 86 13 17 209 125 169 157
113-86: 13 71 125
114-223: 3
114-53: 206
115-55: 122 91 184 155 47 65 137
116-151: 189 73
116-189: 151 8 234 74 73
116-234: 189 8 74 73
116-73: 189 151 234 74
116-74: 189 8 234 73
116-8: 189 234 74
118-49: 
119-124: 211 213 209 42
119-152: 185 22 222 52 181 17 36 228 169
119-211: 209 124 42
119-40: 
119-42: 222 211 17 36 124 169
119-71: 185 188 86 198 181 17 209 169
119-86: 71
12-153: 25 205
120-143: 226 59 44 197 114 145 199 225 180 57
121-142: 96 203 71 77 19 7 175
121-144: 214 178 19 68
121-175: 142 203 71 77 58
121-178: 144 214 19 68
121-19: 144 214 142 178 68
121-203: 214 96 142 71 77 69 7 175 58
121-214: 144 203 178 69 19 68 57
121-57: 214 77
121-58: 203 71 7 175
121-68: 144 214 178 69 19
121-69: 214 203 68
121-7: 142 203 58
121-71: 96 142 203 77 175 58
121-77: 142 203 71 175 57
121-96: 142 203 71
124-206: 42
124-209: 211 110 213 56 63 119
124-211: 69 56 209 119 42
124-213: 237 209 119
124-237: 213
124-42: 211 110 206 119
124-56: 211 110 69 63 209
124-63: 110 56 209
124-69: 211 56
124-96: 110
125-13: 86 71 113 42
125-142: 86 189 203 71 175
125-175: 86 189 142 203 71
125-189: 86 142 203 71 175
125-203: 86 189 142 71 175 42
125-215: 227
125-227: 215
125-42: 13 203
125-56: 71
125-71: 86 189 142 13 203 175 56 113
125-86: 189 142 13 203 71 175 113
126-173: 
126-236: 25 205 45
126-25: 215 205 236 167
13-163: 232 225 113 42
13-206: 232 225 113 42
13-225: 163 206 232
13-232: 163 206 225 42
13-30: 87 98
13-42: 163 110 206 232 125
13-71: 86 125 113
13-8: 
13-86: 71 125 113
13-87: 30 98
13-98: 30 87
130-208: 
131-189: 94 70 83 85
131-70: 94 189 83
131-83: 94 70 189
131-85: 189
131-94: 70 189 83
135-16: 110 183 171
135-171: 110 183 16
135-183: 110 16 171
136-82: 
137-194: 58 42
137-206: 42
137-42: 194 206 162
137-5: 111
14-142: 86 96 189 203 71 77 175
14-175: 86 189 142 203 71 77
14-189: 86 142 203 71 77 175
14-203: 86 96 189 142 71 77 175
14-211: 
14-71: 86 96 189 142 203 77 175
14-77: 86 189 142 203 71 175
14-86: 96 189 142 203 71 77 175
14-96: 86 142 203 71
140-189: 8 1 21 45 85
140-196: 231
140-236: 25 205 45 162
141-93: 35 95 91 38 28 165 221 207 148 51
142-172: 86 203 71 175
142-175: 86 189 14 203 71 77 172 121 125
142-189: 86 14 203 71 77 175 125
142-19: 121
142-52: 
142-7: 203 121
142-71: 86 96 189 14 203 77 175 172 121 125
142-77: 86 189 14 203 71 175 121
142-86: 96 189 14 203 71 77 175 172 125
142-96: 86 14 203 71 121
143-180: 212 226 59 44 89 114 199 225 190 120
143-57: 212 226 59 89 114 145 199 225 190 120
143-69: 212 190
143-72: 212 226 59 89 114 145 199 225 190
144-178: 214 19 121 68
144-19: 214 178 121 68
144-214: 178 19 121 68
144-68: 214 178 19 121
146-171: 
146-68: 
149-24: 
149-85: 
15-34: 58
151-171: 110
151-189: 116 73
151-73: 189 116
152-52: 185 22 223 181 17 36 228 119 113 157
153-192: 205 236
153-205: 25 192 12 236
153-236: 25 192 205
153-25: 12 205 236
157-186: 185 22 71 17 66 169
157-71: 185 186 188 198 103 181 17 209 169 113
159-82: 
16-171: 110 135 183
16-183: 110 135 171
16-4: 
16-50: 69
16-66: 
16-69: 50
161-93: 35 95 91 38 165 221 207 205 148 51
162-195: 44 58 42
162-236: 25 10 140 45
162-42: 44 195 137
162-44: 195 42
163-172: 
163-222: 187 232 113 42
164-55: 191 122 155 160 127 47 65 137
169-186: 185 22 71 17 66 157
169-190: 61 3 57 42
169-42: 61 222 17 36 119 190 57
169-57: 190 42
169-61: 3 190 42
17-183: 36 209
17-186: 185 22 71 66 169 157
17-42: 222 36 119 169
171-183: 110 135 209 16
171-209: 110 71 56 183
171-56: 110 71 64 209
171-64: 56
171-71: 56 209
172-175: 86 142 203 71
172-203: 86 142 71 175
172-71: 86 142 203 175
172-86: 142 203 71 175
174-58: 61 4 33 59 224 199 34
175-189: 86 142 14 203 71 77 125
175-203: 86 189 142 14 71 77 172 121 125 58
175-58: 86 203 71 121
175-71: 86 189 142 14 203 77 172 121 125 58
175-77: 86 189 142 14 203 71 121
175-86: 189 142 14 203 71 77 172 125 58
177-77: 57
178-187: 89
178-19: 144 214 121 68
178-214: 144 19 121 68
178-233: 89
178-68: 144 214 19 121
178-89: 187 233
180-206: 138 212 133 59 89 232 114 199 225
180-7: 
181-71: 185 188 198 17 209 119 169 157
182-25: 146 20 221 31 140 12 205 97 37
183-209: 110 17 63 171
183-36: 17
183-63: 110 209
185-186: 22 71 17 66 169 157
185-71: 186 188 198 103 181 17 209 119 169 157
186-22: 185 17 66 169 157
186-66: 185 22 17 169 157
186-71: 185 17 169 157
187-222: 163 232
188-71: 185 198 103 181 17 209 119 169 157
189-190: 59
189-203: 86 142 104 14 71 77 175 125 85
189-21: 1 140 45 85
189-234: 8 74 116 73
189-27: 
189-45: 8 1 21 140 85
189-59: 190
189-70: 94 131 83
189-71: 86 142 14 203 77 175 125
189-73: 151 234 74 116
189-74: 8 234 116 73
189-77: 86 142 14 203 71 175
189-8: 1 234 74 116 140 45
189-83: 94 70 131
189-85: 131 203 1 21 140 45
189-86: 142 14 203 71 77 175 125
189-94: 70 131 83
19-190: 
19-214: 144 178 121 68
19-68: 144 214 178 121
190-49: 199
190-69: 212 143
192-205: 93 10 153 236
192-236: 10 153 205
192-93: 205
194-216: 104 233 203 7 219 195 67 23 58 42
194-219: 216 104 233 203 7 195 67 23 42
194-23: 216 104 233 203 7 219 195 67 58 42
194-232: 33 44 42
194-233: 216 104 203 7 219 195 67 23 58 42
194-33: 44 232 195 58 42
194-44: 33 232 195 42
194-58: 216 233 203 33 7 195 23 137
194-67: 216 104 233 203 7 219 195 23 42
194-7: 216 104 233 203 219 195 67 23 58 42
194-96: 203
195-197: 33 44 7 42
195-203: 216 104 194 233 7 219 67 23 58 42
195-216: 104 194 233 203 7 219 67 23 58 42
195-219: 216 104 194 233 203 7 67 23 42
195-23: 216 104 194 233 203 7 219 67 58 42
195-233: 216 104 194 203 7 219 67 23 58 42
195-33: 194 44 197 58 42
195-44: 194 33 197 162 42
195-58: 216 194 233 203 33 7 23 162
195-67: 216 104 194 233 203 7 219 23 42
196-231: 140
197-206: 138 212 59 89 114 145 199 225 42
197-7: 195 42
198-71: 185 188 103 181 17 209 119 169 157
199-49: 190
199-58: 61 4 33 59 224 34 174
202-203: 85
202-85: 203
203-209: 71
203-212: 69 42
203-214: 69 121
203-216: 104 194 233 7 219 195 67 23 58 42
203-217: 7
203-219: 216 104 194 233 7 195 67 23 42
203-233: 216 104 194 7 219 195 67 23 58 42
203-67: 216 104 194 233 7 219 195 23 85 42
203-69: 214 212 23 121
203-77: 86 189 142 14 71 175 121
203-85: 189 7 67 58 202
203-86: 96 189 142 14 71 77 175 172 125 58
203-96: 86 142 14 194 71 121
205-236: 25 10 153 192 140 126 45
205-238: 88 48 84 15 21 161 140 105 76 45
206-53: 114
206-57: 212 59 89 114 145 199 225 42
206-61: 138 212 133 59 89 232 114 145 199 42
206-66: 113
206-82: 
207-93: 91 141 38 28 161 205 148 51
209-211: 56 119 124
209-24: 80 101
209-56: 211 110 71 63 124 171
209-63: 110 56 183 78 124
209-87: 
21-238: 1 48 84 15 161 140 205 105 76 45
211-42: 119 124
211-56: 69 64 209 124
211-64: 56
211-69: 56 124
212-237: 
212-69: 143 203 190
214-57: 121
214-61: 
214-68: 144 178 69 19 121
214-69: 203 121 68
216-219: 104 194 233 203 7 195 67 23 42
216-23: 104 194 233 203 7 219 195 67 58 42
216-233: 104 194 203 7 219 195 67 23 58 42
216-27: 
216-42: 104 194 233 203 7 219 195 67 23
216-58: 194 233 203 7 195 23
216-67: 104 194 233 203 7 219 195 23 42
216-7: 104 194 233 203 219 195 67 23 58 42
217-7: 203
219-226: 112
219-23: 216 104 194 233 203 7 195 67 42
219-233: 216 104 194 203 7 195 67 23 42
219-42: 216 104 194 233 203 7 195 67 23 112
219-67: 216 104 194 233 203 7 195 23 42
219-7: 216 104 194 233 203 195 67 23 42
222-232: 187 163 3 42
222-42: 163 110 17 36 232 119 169
224-58: 61 4 33 59 199 34 174
23-233: 216 104 194 203 7 219 195 67 58 42
23-42: 216 104 194 233 203 7 219 195 67
23-58: 216 194 233 203 7 195
23-67: 216 104 194 233 203 7 219 195 42
23-69: 87 203
23-7: 216 104 194 233 203 219 195 67 58 42
23-74: 
23-87: 69
230-25: 146 215 8 20 221 31 140 12 97 37
233-42: 216 104 194 203 7 219 195 67 23
233-58: 216 194 203 7 195 23
233-67: 216 104 194 203 7 219 195 23 42
233-7: 216 104 194 203 219 195 67 23 58 42
233-89: 178
233-94: 
234-66: 
234-73: 189 74 116
234-74: 189 8 116 73
234-8: 189 74 116
236-25: 10 153 140 126 205 162
236-45: 140 126 205 162
238-76: 88 48 84 15 21 161 140 205 105 45
238-88: 1 48 84 15 161 140 205 105 76 45
24-42: 
24-80: 209 101
240-241: 283 334 285 309 310
240-283: 241 334 309 310
240-285: 241
240-309: 283 241 334 310
240-310: 283 241 309
240-334: 283 241 309
241-242: 283 273 285 286 305 263 274 339 269
241-263: 283 334 242 274 339 269
241-269: 283 334 242 273 305 263 339 309
241-273: 242 286 305 274 339 269
241-274: 283 242 273 286 305 263
241-283: 334 242 240 286 263 274 339 309 310 269
241-285: 242 240 286
241-286: 283 242 273 285 274
241-305: 334 242 273 274 339 269
241-309: 283 334 240 310 269
241-310: 283 240 309
241-334: 283 240 305 263 339 309 269
241-339: 283 334 242 273 305 263 269
242-263: 283 241 274 339 269
242-269: 283 241 273 305 263 339
242-273: 241 286 305 274 339 269
242-274: 283 241 273 286 305 263
242-283: 241 286 263 274 339 269
242-285: 241 286
242-286: 283 241 273 285 274
242-305: 241 273 274 339 269
242-339: 283 241 273 305 263 269
243-258: 325 320 251 267
243-266: 325 320 251 267 339 264
243-276: 325 320 301 251 267 302 336 264
243-294: 251 267 264
243-301: 325 320 276 251 267 339 336 264
243-302: 325 320 276 251 267 264
243-313: 251 267 336 264
243-325: 320 258 276 301 251 267 302 266
243-336: 320 276 301 337 251 313 339 264
243-337: 320 251 336 264
243-339: 320 301 251 267 336 264 266
244-252: 340
244-257: 328 340
244-328: 340 257
244-340: 252 328 257
245-332: 
246-247: 342 248
246-248: 247 342
246-342: 247 248
247-248: 281 342 246
247-281: 342 248
247-342: 281 246 248
248-281: 247 342
248-303: 
248-342: 281 247 246
249-265: 304 296
249-290: 303 326
249-296: 265
249-303: 326 307 290
249-304: 265
249-307: 303
249-326: 303 290
250-306: 
251-258: 325 320 267 243
251-266: 325 320 267 243 339 264
251-276: 325 320 301 267 243 302 336 264
251-294: 267 243 264
251-301: 325 320 276 267 243 305 339 336 264
251-302: 325 320 276 267 243 305 264
251-305: 301 302 339
251-313: 267 243 336 264
251-316: 
251-325: 320 258 276 301 267 243 302 266
251-336: 320 276 301 337 243 313 339 264
251-337: 320 243 336 264
251-339: 320 301 267 243 305 336 264 266
252-255: 340
252-260: 318 330 340 282 321
252-282: 318 330 340 260 321
252-318: 340 260 282 321
252-321: 318 340 260 282
252-330: 340 260 282
252-340: 318 255 330 260 282 321 244
253-256: 284 312 291 293 279 298 339
253-277: 291 279
253-279: 284 312 291 295 277 293 298 256
253-284: 312 291 295 293 279 298 256
253-291: 284 312 295 277 293 279 298 256
253-293: 284 312 291 295 279 298 256
253-295: 284 312 291 293 279 298
253-298: 284 312 291 295 293 279 256 339
253-312: 284 291 295 293 279 298 256
253-339: 298 256
254-261: 280 270 314 327
254-270: 280 314 261 327
254-280: 270 314 261 327
254-299: 308
254-308: 299
254-314: 280 270 261
254-327: 280 270 261
255-287: 315 333 331 340 322 326
255-290: 306 315 303 333 331 322 326 324
255-297: 315 326
255-303: 331 326 290
255-306: 331 340 326 290
255-311: 333 326 324
255-315: 297 333 331 340 322 287 326 324 290
255-322: 315 333 331 340 287 326 324 290
255-324: 311 315 333 331 322 326 290
255-331: 306 315 303 333 340 322 287 326 324 290
255-333: 311 315 331 340 322 287 326 324 290
255-340: 306 315 252 333 331 322 287 326
256-263: 298 339 269
256-269: 298 305 263 339
256-279: 253 284 312 291 293 298
256-284: 253 312 291 293 279 298
256-291: 253 284 312 293 279 298
256-293: 253 284 312 291 279 298
256-298: 253 284 312 291 293 279 305 263 339 269
256-305: 298 339 269
256-312: 253 284 291 293 279 298
256-339: 253 298 305 263 269
257-260: 340
257-328: 340 244
257-340: 328 260 244
258-267: 325 320 251 243
258-320: 325 251 267 243
258-325: 320 251 267 243
259-262: 271 317
259-271: 262 317
259-280: 317
259-317: 262 280 271
260-275: 318
260-282: 252 333 318 330 340 321
260-318: 252 340 275 282 321
260-321: 252 318 340 282
260-330: 252 333 340 282
260-333: 330 340 282
260-340: 252 333 318 330 257 282 321
261-270: 280 254 314 327
261-280: 254 270 314 327
261-314: 280 254 270
261-327: 280 254 270
262-271: 300 259 317
262-300: 271 317
262-317: 300 271 259
263-269: 283 241 334 242 298 256 339
263-274: 283 241 242
263-283: 241 334 242 274 339 269
263-298: 256 339 269
263-334: 283 241 339 269
263-339: 283 241 334 242 298 256 269
264-266: 320 251 267 243 339
264-267: 320 276 301 251 243 302 294 313 339 266
264-276: 320 301 251 267 243 302 336
264-294: 251 267 243
264-301: 320 276 251 267 243 339 336
264-302: 320 276 251 267 243
264-313: 251 267 243 336
264-320: 276 301 337 251 267 243 302 339 336 266
264-336: 320 276 301 337 251 243 313 339
264-337: 320 251 243 336
264-339: 320 301 251 267 243 336 266
265-296: 249
265-304: 249
265-315: 
266-267: 335 325 320 251 243 339 264
266-320: 335 325 251 267 243 339 264
266-325: 335 320 251 267 243
266-335: 325 320 267
266-339: 320 251 267 243 264
267-276: 325 320 301 251 243 302 264
267-294: 251 243 264
267-301: 335 325 320 276 338 251 243 339 264
267-302: 335 325 320 276 251 243 264
267-313: 251 243 264
267-325: 335 320 258 276 301 251 243 302 266
267-335: 325 320 301 302 266
267-338: 301
267-339: 320 301 251 243 264 266
268-288: 
269-273: 241 242 305 339
269-283: 241 334 242 263 339 309
269-298: 305 256 263 339
269-305: 241 334 242 273 298 256 339
269-309: 283 241 334
269-334: 283 241 305 263 339 309
269-339: 283 241 334 242 273 298 305 256 263
27-52: 
270-280: 254 314 261 327
270-314: 280 254 261
270-327: 280 254 261
271-300: 262 317
271-317: 262 300 259
272-289: 
272-299: 308
272-308: 299
273-274: 241 242 286 305
273-286: 241 242 274
273-305: 241 242 274 339 269
273-339: 241 242 305 269
274-283: 241 242 286 263
274-286: 283 241 242 273
274-305: 241 242 273
275-318: 260
276-301: 325 320 251 267 243 336 264
276-302: 325 320 251 267 243 264
276-320: 325 301 251 267 243 302 336 264
276-325: 320 301 251 267 243 302
276-336: 320 301 251 243 264
277-279: 253 291
277-291: 253 279
278-280: 
279-284: 253 312 291 295 293 298 256
279-291: 253 284 312 295 277 293 298 256
279-293: 253 284 312 291 295 298 256
279-295: 253 284 312 291 293 298
279-298: 253 284 312 291 295 293 256
279-312: 253 284 291 295 293 298 256
28-93: 95 91 141 165 221 207 205 148 51
280-314: 254 270 261
280-317: 259
280-327: 254 270 261
280-330: 
281-342: 247 248
282-318: 252 340 260 321
282-321: 252 318 340 260
282-330: 252 333 340 260
282-333: 330 340 260
282-340: 252 333 318 330 260 321
283-286: 241 242 274
283-309: 241 334 240 310 269
283-310: 241 240 309
283-334: 241 240 263 339 309 269
283-339: 241 334 242 263 269
284-291: 253 312 295 293 279 298 256
284-293: 253 312 291 295 279 298 256
284-295: 253 312 291 293 279 298
284-298: 253 312 291 295 293 279 256
284-312: 253 291 295 293 279 298 256
285-286: 241 242
287-315: 333 255 331 340 322 326
287-322: 315 333 255 331 340 326
287-326: 315 333 255 331 340 322
287-331: 315 333 255 340 322 326
287-333: 315 255 331 340 322 326
287-340: 315 333 255 331 322 326
288-292: 
290-303: 255 331 326 249
290-306: 255 331 326
290-315: 333 255 331 322 326 324
290-322: 315 333 255 331 326 324
290-324: 315 333 255 331 322 326
290-326: 306 315 303 333 255 331 322 249 324
290-331: 306 315 303 333 255 322 326 324
290-333: 315 255 331 322 326 324
291-293: 253 284 312 295 279 298 256
291-295: 253 284 312 293 279 298
291-298: 253 284 312 295 293 279 256
291-312: 253 284 295 293 279 298 256
293-295: 253 284 312 291 279 298
293-298: 253 284 312 291 295 279 256
293-312: 253 284 291 295 279 298 256
295-298: 253 284 312 291 293 279
295-312: 253 284 291 293 279 298
297-315: 255 326
297-326: 315 255
298-305: 256 339 269
298-312: 253 284 291 295 293 279 256
298-339: 253 305 256 263 269
299-308: 254 272
30-87: 13 98
30-98: 87 13
300-317: 262 271
301-305: 251 339
301-320: 335 325 276 251 267 243 339 336 264
301-325: 335 320 276 251 267 243
301-335: 325 320 267
301-336: 320 276 251 243 339 264
301-338: 267
301-339: 320 251 267 243 305 336 264
302-305: 251
302-320: 335 325 276 251 267 243 264
302-325: 335 320 276 251 267 243
302-335: 325 320 267
303-307: 249
303-326: 255 331 249 290
303-331: 255 326 290
304-344: 
305-334: 241 339 269
305-339: 241 301 334 242 273 251 298 256 269
306-326: 255 331 340 290
306-331: 255 340 326 290
306-340: 255 331 326
309-310: 283 241 240
309-334: 283 241 240 269
311-324: 333 255 326
311-326: 333 255 324
311-333: 255 326 324
313-336: 251 243 264
315-322: 333 255 331 340 287 326 324 290
315-324: 333 255 331 322 326 290
315-326: 297 333 255 331 340 322 287 324 290
315-331: 333 255 340 322 287 326 324 290
315-333: 255 331 340 322 287 326 324 290
315-340: 333 255 331 322 287 326
317-332: 
318-321: 252 340 260 282
318-340: 252 260 282 321
319-340: 
320-325: 335 258 276 301 251 267 243 302 266
320-335: 325 301 267 302 266
320-336: 276 301 337 251 243 339 264
320-337: 251 243 336 264
320-339: 301 251 267 243 336 264 266
321-340: 252 318 260 282
322-323: 
322-324: 315 333 255 331 326 290
322-326: 315 333 255 331 340 287 324 290
322-331: 315 333 255 340 287 326 324 290
322-333: 315 255 331 340 287 326 324 290
322-340: 315 333 255 331 287 326
324-326: 311 315 333 255 331 322 290
324-331: 315 333 255 322 326 290
324-333: 311 315 255 331 322 326 290
325-335: 320 301 267 302 266
326-331: 306 315 303 333 255 340 322 287 324 290
326-333: 311 315 255 331 340 322 287 324 290
326-340: 306 315 333 255 331 322 287
328-340: 257 244
33-58: 61 4 194 8 59 224 195 199 34 174
33-8: 58
33-98: 
330-333: 340 260 282
330-340: 252 333 260 282
330-341: 
331-333: 315 255 340 322 287 326 324 290
331-340: 306 315 333 255 322 287 326
333-340: 315 255 330 331 322 287 326 260 282
334-339: 283 241 305 263 269
336-337: 320 251 243 264
336-339: 320 301 251 243 264
34-58: 61 4 33 59 224 199 15 174
346-438: 496 518 468 603 569 584 542 357 561
346-449: 499 582
347-355: 577 506 496 405 371 604 430 390 375 585
347-557: 458 442 575 490
348-369: 
348-512: 
349-512: 
35-93: 95 91 141 38 165 221 161 205 148 51
351-461: 476 515 533
351-476: 515 533 461
351-515: 476 533 461
351-533: 476 515 461
352-364: 381 458 439 415 505 358 569 396 522 554
353-362: 417 521 454 481 436 413 562
353-413: 417 521 431 454 481 436 538 562 362
353-417: 521 431 454 481 436 538 413 562 362
353-431: 417 521 454 481 436 538 413 562
353-436: 417 521 431 454 481 538 413 562 362
353-454: 417 521 431 481 436 538 413 562 362
353-481: 417 521 431 454 436 538 413 562 362
353-521: 417 431 454 481 436 538 413 562 362
353-538: 417 521 431 454 481 436 413 562
353-562: 417 521 431 454 481 436 538 413 362
355-385: 577 496 388 371 375 593 585
355-390: 496 388 405 604 430 347 585
355-550: 577 506 496 388 430 375
355-585: 496 405 371 604 430 390 347 375 385 593
355-593: 577 506 496 388 405 371 375 385 585
355-604: 506 496 388 405 430 390 347 585
356-524: 600
356-600: 524 379
357-482: 441 527 499
357-492: 496 545 534 451 441 498 542 438
357-515: 519 491 461 527 499 542 583
358-514: 379
36-42: 222 17 119 169
360-563: 483 467 433 432 440 510 564 532 500
362-413: 417 521 454 481 353 436 562
362-417: 521 454 481 353 436 413 562
362-436: 417 521 454 481 353 413 562
362-437: 453 512
362-453: 437 512
362-454: 417 521 481 353 436 413 562
362-481: 417 521 454 353 436 413 562
362-512: 453 437
362-521: 417 454 481 353 436 413 562
362-562: 417 521 454 481 353 436 413
363-384: 540 373 589 465 471 472 487 605 419
363-409: 577 534 495 352 358 550 522 542 471 586
363-544: 518 495 589 465
364-442: 458 415 575 505 388 456 358 569 396 554
364-458: 442 439 415 575 352 505 388 456 358 396
364-575: 458 442 439 415 505 388 456 358 396 554
365-371: 461 522 582
365-383: 588 543 594 461 482 544 597 522
365-397: 441
365-441: 482 397 584 522 582
365-482: 544 597 441 499 522 383
365-494: 594 461
365-499: 515 533 543 461 482 584
365-515: 533 543 594 461 544 597 499 583
365-522: 461 482 441 371 383
365-533: 588 515 461 597 499
365-543: 588 515 594 461 544 597 499 383 610
365-544: 515 543 594 461 482 597 383
365-582: 461 441 371 584
365-583: 515
365-584: 461 441 499 582
365-588: 533 543 594 597 383 610
365-594: 588 515 543 494 461 544 597 383 610
365-597: 588 515 533 543 594 461 482 544 383 610
365-610: 588 543 594 597
366-381: 518 534 422 558 461 456 400 520 589 527
366-426: 518 558 461 400 520 516 441 584 561 438
368-438: 518 439 603 491 516 550 441
368-516: 518 603 491 550 441 438
369-397: 
369-537: 
370-377: 446 378 406 568
370-378: 446 377 406 568
370-406: 377 378
370-446: 377 378 568
370-568: 446 377 378
372-567: 560 405 569 465 390 375 419
373-453: 525 536 456 567
373-536: 453 567
374-533: 476 461
374-563: 569
376-397: 
376-548: 
379-514: 600 358
379-583: 470 519 446 580 377 575 539 474 542
379-600: 514 356
38-93: 35 91 141 165 221 207 161 205 51
381-414: 502 540 373 589 550 397 464
382-398: 603 429
382-468: 518 442 534 547 573 420 491 474 346
382-546: 518 442 425 603 420 465 592 429 585
382-592: 518 534 495 403 491 546 465 561 429
383-394: 543 594 387 597
383-398: 542
383-419: 522 567 467
383-461: 543 365 594 453 544 597 522
383-482: 365 544 597 522
383-522: 365 461 569 482 542 419
383-542: 569 522 467 398
383-544: 543 365 594 387 461 453 482 597
384-385: 496 575 589 490 465 485 561 593 585 419
384-471: 496 363 465 472 593 605 419
384-485: 490 385 593
384-487: 540 363 575 373 465 604 472 605 419
384-490: 496 540 575 485 604 561 385 593 605 419
385-393: 496 575 388 406 465 582 429 419
385-485: 495 384 490 593
385-490: 496 470 495 575 384 388 485 561 593 419
385-546: 388 589 595 498 465 429 585 419
387-394: 543 594 416 383 549
387-416: 543 594 394 549 530
387-544: 543 594 453 383
387-559: 543 594 536 445 452 549 530 433 440 510
387-596: 543 536 453 530
394-485: 594 597 416 549 581 610 512
394-512: 543 594 597 416 485 549 581 610
394-515: 543 594 597 527 416
394-527: 515 545
394-543: 515 594 387 597 416 383 610 512
394-545: 527 416
394-549: 594 387 597 416 485 581 610 512
394-581: 594 597 416 485 549 610 512
394-597: 515 543 594 416 383 485 549 581 610 512
394-610: 543 594 597 416 485 549 581 512
396-423: 509 569
397-414: 381 502 540 580 373 441 465
397-586: 560 381 545 363 439 358 374 592
398-429: 603 382
398-449: 515
398-450: 603 516 542
398-515: 449 542
398-516: 603 542 450
398-542: 515 580 516 383 450
398-580: 603 542
398-603: 580 382 516 450 429
399-508: 512 609
399-512: 508 609
399-537: 
399-609: 508 512
4-58: 61 33 59 224 199 34 174
402-479: 601 597 401 452 567 467 424 411 500
406-486: 518 534 528 477 400 441 584 561 444
407-533: 588
408-493: 570
410-535: 588 462 610 512 571
410-543: 588 594 597 462 437 433 610 510 512
412-464: 560 381 525 439 421 422 558 550 498 590
413-417: 521 431 454 481 353 436 538 562 362
413-431: 417 521 454 481 353 436 538 562
413-436: 417 521 431 454 481 353 538 562 362
413-454: 417 521 431 481 353 436 538 562 362
413-481: 417 521 431 454 353 436 538 562 362
413-521: 417 431 454 481 353 436 538 562 362
413-538: 417 521 431 454 481 353 436 562
413-562: 417 521 431 454 481 353 436 538 362
414-429: 502 540 495 373 589 465 464 605
414-441: 502 540 580 495 373 589 550 397 465 605
414-464: 381 540 580 495 373 589 550 465 429 605
414-465: 502 540 495 373 589 441 397 464 429 605
414-502: 381 580 373 441 397 465 429
414-550: 381 540 580 495 573 589 441 464 605
414-573: 580 495 589 550
414-580: 502 495 573 589 550 441 397 464
414-597: 
414-605: 540 495 373 589 550 441 465 464 429
415-440: 569
416-485: 594 597 394 549 581 610 512
416-512: 543 594 597 394 485 549 581 610
416-515: 543 594 597 394 530
416-530: 515 543 594 387
416-543: 515 594 387 597 394 530 610 512
416-545: 394
416-549: 594 387 597 394 485 581 610 512
416-581: 594 597 394 485 549 610 512
416-597: 515 543 594 394 485 549 581 610 512
416-610: 543 594 597 394 485 549 581 512
417-431: 521 454 481 353 436 538 413 562
417-436: 521 431 454 481 353 538 413 562 362
417-454: 521 431 481 353 436 538 413 562 362
417-481: 521 431 454 353 436 538 413 562 362
417-521: 431 454 481 353 436 538 413 562 362
417-538: 521 431 454 481 353 436 413 562
417-562: 521 431 454 481 353 436 538 413 362
418-515: 526
418-526: 515
419-467: 383 567
42-57: 177 212 117 59 206 114 106 199 190 169
42-67: 216 104 194 233 203 7 219 195 23
42-7: 216 104 194 233 203 219 197 195 67 23
423-509: 569 396
424-469: 599
426-468: 572 496 518 558 491 405 566 438
426-572: 496 518 434 468 388 400 405 520 566 584
428-461: 515 533
428-515: 533 461
428-533: 515 461
431-436: 417 521 454 481 353 538 413 562
431-454: 417 521 481 353 436 538 413 562
431-481: 417 521 454 353 436 538 413 562
431-521: 417 454 481 353 436 538 413 562
431-538: 417 521 454 481 353 436 413 562
431-562: 417 521 454 481 353 436 538 413
433-489: 588 462 610 510 512
433-609: 610 510 512
434-486: 572 518 534 477 400 520 516 441 584 561
436-454: 417 521 431 481 353 538 413 462 562 362
436-462: 454 538 570
436-481: 417 521 431 454 353 538 413 562 362
436-521: 417 431 454 481 353 538 413 562 362
436-538: 417 521 431 454 481 353 413 462 562
436-562: 417 521 431 454 481 353 538 413 362
436-570: 462
438-468: 496 518 534 491 426 566 542 357 450 346
438-492: 496 518 534 520 589 441 542 357
438-569: 560 496 518 534 439 566 542 374 346
441-482: 365 527 522 357 472
441-486: 518 434 534 477 400 406 520 516 584 561
442-512: 
442-557: 458 575 490 347
444-486: 518 534 406
447-466: 560 451 569
447-492: 518 540 534 451 589 441 498 542 605
447-515: 476 527 542
448-480: 475 534 528 373 457 527 397 450 429
449-465: 476 491 582
449-476: 515 491 499 465
449-491: 476 515 499 465 582
449-499: 476 515 491 346
449-515: 476 491 499 398
449-582: 491 465 346
450-468: 572 496 518 534 491 542 438
450-480: 534 363 448 457 520 516 527 465 464 605
450-494: 516
450-572: 496 518 468 388 400 358 520 542
451-466: 560 569 447
453-456: 596 476 525 373 461
453-461: 476 543 594 456 544 597 383
453-476: 525 461 456
453-525: 476 373 456 597
453-544: 543 594 387 461 597 383
453-553: 596 543 536 597
453-596: 543 553 536 387 456 597 530
454-462: 588 436 538
454-481: 417 521 431 353 436 538 413 562 362
454-521: 417 431 481 353 436 538 413 562 362
454-538: 417 521 431 481 353 436 413 462 562
454-562: 417 521 431 481 353 436 538 413 362
454-588: 462
455-456: 596
455-530: 596 543
455-543: 596 553 597 530
455-553: 596 543 597
455-596: 543 553 456 597 530
455-597: 596 543 553
456-596: 455 453
457-480: 545 475 534 448 527 450 592
458-557: 442 575 490 347
459-502: 496 442 580 415 575 456 566 397 542 375
459-537: 580
461-494: 365 594
461-533: 476 515 365 428 351 597 499 374
461-543: 515 365 594 453 544 597 499 383
461-544: 515 518 543 365 594 453 597 383
461-594: 515 543 365 494 453 544 597 383
461-597: 515 533 543 365 594 453 544 383
462-489: 523 588 570 535 433 541 610 510 512
462-523: 570 489 541 610 512
462-530: 463 588 543 594 559 601 433 551
462-535: 588 570 489 541 610 512 571 410
462-538: 454 436
462-541: 523 588 570 535 489 610 512
462-602: 588 543 594 601 478 380
465-544: 518 363 495 589
466-514: 524 600
466-524: 514 600
466-560: 451 569 447
466-569: 560 451 447
466-600: 524 514
467-493: 
467-542: 569 383
468-486: 572 518 534
468-604: 496 458 518 470 442 534 558 456 405 566
469-599: 424
472-482: 441 527 522
475-480: 534 528 448 457 527 592 464
476-515: 533 491 449 461 351 527 499 542 447
476-533: 515 461 351 499 374
477-486: 518 434 534 528 400 406 520 441 584
478-583: 585
478-585: 569 501 583
479-500: 529 591 401 567 467 402 424
479-513: 529 591 354 536 601 453 597 401 467 440
480-516: 534 373 520 527 397 450 592 487
480-520: 545 534 373 516 527 397 450 605
480-527: 545 475 534 448 457 520 516 450
480-528: 475 534 448 373 465 605
480-546: 545 425 373 465 430 592 487 427 429 605
481-521: 417 431 454 353 436 538 413 562 362
481-538: 417 521 431 454 353 436 413 562
481-562: 417 521 431 454 353 436 538 413 362
482-499: 365 357
482-512: 597
482-522: 365 441 527 383 472
482-527: 441 522 357 472
482-544: 365 597 383
482-597: 365 544 383 512
485-490: 495 384 385 593
485-495: 490 385 593
485-593: 495 384 490 385
486-516: 518 434 534 520 441
486-520: 572 518 434 534 477 400 516 441 584 561
486-528: 518 534 477 400 406 561
486-561: 518 434 534 528 400 406 520 441 584
486-572: 518 434 468 400 520 584
486-598: 463 588 543 576 536 445 432
487-492: 518 545 540 534 542 605
487-515: 542
487-516: 560 518 534 603 373 480 397 542 592 472
489-493: 570 535 565
489-510: 588 462 433 610 512
489-512: 523 588 570 535 462 433 541 610 510
489-523: 570 462 541 610 512
489-535: 588 570 493 462 565 541 610 512
489-541: 523 588 570 535 462 610 512
489-565: 570 493 535
489-570: 523 588 493 535 462 565 541 610 512
489-588: 570 535 462 433 541 610 510 512
489-610: 523 588 570 535 462 433 541 510 512
490-557: 458 442 575 347
490-583: 470 580 495 575
491-493: 515 603
491-515: 476 493 449 527 499 542 357
492-545: 496 518 540 451 520 441 357 487 605
492-585: 496 518 540 534 520 589 498 542 605
493-515: 491
493-535: 570 489 565
493-565: 570 535 489
493-570: 408 535 489 565
493-603: 491
494-516: 450
494-580: 
494-594: 365 461
495-544: 518 363 589 465
496-591: 569
497-512: 535
497-535: 512
499-515: 476 533 543 365 491 449 461 542 357
499-533: 476 515 365 461
499-543: 515 576 365 461
499-576: 543
5-71: 
50-69: 16
500-511: 483 567 549 467 433 424 503 510 386 532
500-529: 602 401 479 483 567 467 424
500-563: 602 401 483 467 433 510 360 564 532
500-591: 401 479 483 567 549 467
500-602: 529 478 401 380 483 567 467 402 563
502-516: 560 496 534 373 520 441 397 542 592
502-533: 
502-572: 496 442 580 575 456 520 566 542 390
508-510: 610 512 609
508-512: 399 610 510 609
508-609: 399 610 510 512
508-610: 510 512 609
510-609: 433 508 610 512
512-523: 570 489 462 541 610
512-535: 588 570 489 462 541 610 497 571 410
512-541: 523 588 570 535 489 462 610
512-578: 570
512-609: 399 433 508 610 510
514-524: 466 600
514-600: 524 466 379
515-519: 461 527 357 583
515-526: 418
515-527: 476 519 491 461 394 542 357 447
515-530: 543 594 416
515-533: 476 365 428 461 351 597 499
515-542: 476 491 527 499 357 487 447 583 398
515-543: 365 594 461 544 597 416 499 394 530
515-544: 543 365 594 461 597
515-583: 519 365 542 357
515-594: 543 365 461 544 597 416 394 530
515-597: 533 543 365 594 461 544 416 394
518-544: 363 495 461 589 465
519-583: 515 470 606 379 539 357 585
521-538: 417 431 454 481 353 436 413 562
521-562: 417 431 454 481 353 436 538 413 362
523-541: 570 489 462 610 512
523-570: 489 462 541 610 512
523-610: 570 489 462 541 512
524-600: 514 466 356
525-597: 453
530-559: 543 594 354 536 387 445 452 462 433 440
530-596: 543 455 536 387 453
533-588: 365 597 407
533-597: 588 515 365 461
535-541: 588 570 489 462 610 512
535-565: 570 493 489
535-570: 588 493 489 462 565 541 610 512
535-571: 588 462 610 512 410
535-588: 570 489 462 541 610 512 571 410
535-610: 588 570 489 462 541 512 571 410
536-537: 
536-553: 596 543 453 597
536-596: 543 553 387 453 597 530
537-580: 459
538-562: 417 521 431 454 481 353 436 413
541-570: 523 588 535 489 462 610 512
541-588: 570 535 489 462 610 512
541-610: 523 588 570 535 489 462 512
543-544: 515 365 594 387 461 453 597 383
543-553: 596 455 536 453 597
543-596: 553 455 536 387 453 597 530
544-589: 518 363 495 465
544-594: 515 543 365 387 461 453 597 383
544-597: 515 543 365 594 461 453 482 383
546-591: 
546-595: 518 422 420 566 589 498 608 430 385 419
548-584: 486
553-596: 543 455 536 453 597
553-597: 596 543 455 536 453
555-568: 
557-575: 458 442 490 347
56-63: 110 209 124
56-64: 211 171
56-69: 211 124
56-71: 209 125 171
56-85: 
565-570: 493 535 489
57-77: 177 121
570-578: 512
579-598: 463 588 536 597 452 433 432 440 532 551
58-59: 61 4 33 224 199 34 174
58-61: 4 33 59 224 199 34 174
58-7: 216 194 233 203 195 23 121 85
58-71: 86 203 175 121
58-86: 203 71 175
583-585: 519 539 478 542
596-597: 543 553 455 536 453
609-610: 433 508 510 512
612-817: 657 763 788 741 765 824 673 638
613-712: 782 758 724 633 814 669 737 776
613-714: 720 802 819 633 669 623 737 800 776
613-810: 720 661 703 770 819 633 737 811 776
614-619: 674 742 730 635 823 723 807 639 772 696
614-638: 742 846 730 823 639 612 821 696 673
614-673: 742 846 823 639 612 839 696 638 644
615-631: 725 695 676
615-638: 775 707 693
615-672: 725 695 693
615-676: 775 631
615-693: 775 725 695 672 638
615-695: 631 672 693
615-707: 775 756 638
615-725: 631 672 693
615-756: 707
615-775: 707 693 676 638
616-633: 710
616-664: 710
616-710: 633 806 664
616-806: 710
617-732: 778 748
617-748: 778 732
617-778: 732 748
618-654: 686 748 738
618-686: 748 654 738
618-738: 686 748 654
618-748: 686 654 738
619-672: 635 680 749 643 639 696
619-749: 730 635 723 807 643 827 631 672
620-710: 835 733 803
620-733: 835 710 803
620-764: 803
620-803: 835 710 733 764
620-835: 710 733 803
621-707: 768
621-723: 768
621-768: 723 707
622-641: 769
622-655: 769 722 697 771 709
622-697: 769 722 655 771 709
622-709: 769 722 697 655 771
622-722: 769 697 655 771 709
622-769: 722 697 655 771 709 641
622-771: 769 722 697 655 709
623-646: 
623-701: 819 633 737 714 800 776
623-714: 720 802 819 633 669 701 737 613 800 776
624-691: 822
624-822: 691
625-710: 
627-666: 815 846 730 788 705 639 843 747 765
627-698: 815 846 723 788 759 639 734 667
627-747: 730 723 788 827 759 612 631 666 839 696
627-799: 730 723 705 827 785 639 795 717 696
627-808: 723 785 839 696
627-815: 846 730 723 788 785 639 843 698 666 696
628-746: 846 823 680 652 759 639 747 696 644
63-78: 209
630-769: 
631-660: 723 763 788 705 639 734 667 673
631-670: 
631-676: 615
631-695: 846 730 635 723 749 639 615 713 667
631-744: 
631-754: 723 705 639 734 741 696
632-639: 702 815 823 754 788 707 708 756 673
632-673: 823 788 639
632-685: 702 707 756
632-702: 815 754 788 639 707 756 685
632-707: 702 815 754 788 639 756 685
632-708: 815 754 788 639 756
632-754: 702 815 639 707 708 756
632-756: 702 815 754 788 639 707 708 685
632-788: 702 815 823 639 707 708 756 673
632-815: 702 754 788 639 707 708 756
632-823: 788 639 673
633-637: 
633-653: 710 737 714 769 800
633-701: 758 770 819 623 737 714 789 800 776
633-710: 616 653 737 800
633-712: 782 790 758 724 814 669 737 613 776
633-769: 743 653 800
633-789: 701
633-790: 758 712 737
633-810: 720 661 703 770 819 737 811 613 776
634-657: 739 823 680 726 759 795 792 741 824
634-680: 739 823 726 657 759 795 792 741 824
634-726: 739 823 680 657 759 795 824
634-739: 823 680 726 657 759 795 792 741 824
634-741: 739 823 680 657 759 795 792 824
634-759: 739 823 680 726 657 795 792 741 824
634-792: 739 823 680 657 759 795 741
634-795: 739 823 680 726 657 759 792 741 824
634-823: 739 680 726 657 759 795 792 741 824
634-824: 739 823 680 726 657 759 795 741
635-781: 674 773 827 801 713 696
637-735: 826
637-826: 735
638-707: 788 639 775 615 696
638-775: 684 759 615 741 707 693 696 817
638-817: 684 763 788 775 612 741 824 673
639-660: 723 763 788 705 734 631 667 673
639-675: 815 742 739 773 759 795 741 824 673
639-704: 846 729 785 821 667 696
639-707: 702 815 754 788 666 632 756 696 638
64-96: 
641-769: 622
642-645: 
644-682: 773 843
644-736: 657 628 833 795 696
644-746: 823 628 788 639 696
644-820: 696
645-756: 846 788 639 843 708
649-828: 
650-716: 
650-779: 
651-662: 
652-666: 639 833 725 708 765
652-746: 823 680 628 759 639 836 696
652-797: 739 680 657 759 795 713 765 772 836 824
653-658: 800
653-710: 633 737 800
653-714: 633 737 800
653-737: 710 633 714 800
653-769: 633 800
653-777: 800
653-800: 710 633 777 737 714 658 769
654-656: 766 686 748 738
654-686: 766 656 748 738 618
654-738: 766 686 656 748 618
654-748: 766 686 656 738 618
654-766: 686 656 748 738
655-697: 769 722 622 771 709
655-709: 769 722 697 622 771
655-722: 769 697 622 771 709
655-769: 722 697 622 771 709
655-771: 769 722 697 622 709
656-686: 766 748 654 738
656-738: 766 686 748 654
656-748: 766 686 654 738
656-766: 686 748 654 738
657-698: 846 739 823 680 723 759 639 741 836 824
657-817: 726 729 612 741 765 824
658-800: 653
659-735: 753 796 826 810
659-753: 796 826 810 735
659-796: 753 826 810 735
659-810: 753 796 826 735
659-826: 753 796 810 735
660-667: 788 705 639 734 631
660-673: 788 639 734 631
660-705: 723 788 639 734 631 667
660-723: 788 705 639 631
660-734: 788 705 639 631 667 673
660-763: 788 639 631
660-788: 723 763 705 639 734 631 667 673
661-810: 720 703 770 819 633 737 811 613 776
662-769: 
663-687: 
663-694: 
664-710: 616
664-805: 
665-833: 
666-673: 742 846 788 639 843 725 741 765 693
666-693: 788 639 725 741 765 673
666-705: 730 754 788 639 833 627 843 741
666-707: 815 754 788 639 756
666-725: 755 788 652 843 747 741 693 673
666-742: 846 730 755 788 639 843 741 756 765 673
666-747: 730 755 788 833 627 725 741
666-754: 815 705 639 741 707 708 756
666-755: 742 730 747 725
666-756: 815 742 846 754 788 639 843 707 708
666-815: 846 730 754 788 639 627 843 707 708 756
666-833: 846 730 788 652 705 639 747 708
667-672: 739 635 629 684 639 690 725 741 695 696
667-683: 846 788 705 639 725 741
667-690: 635 629 785 639 843 698 672
667-695: 846 739 635 629 639 631 672 708
667-698: 742 846 739 788 759 639 627 734 690 741
667-704: 846 785 639 696
667-706: 742 739 629 827 759 785 843 725 696
667-708: 846 739 684 788 827 639 843 734 695 696
667-721: 742 846 788
667-791: 742 846 684 788 639 843 734 731 725 638
668-726: 688 739 823 657 795 772 677 824
668-736: 739 657 628 729 833 795 772 696 824
668-763: 739 823 788 713 765 677 696 824
668-841: 739 657 818 729 652 833 795 772 717 696
669-712: 782 758 724 633 814 737 613 776
669-714: 720 802 819 633 623 737 613 800 776
67-7: 216 104 194 233 203 219 195 23 85 42
67-82: 
67-85: 203 7
671-803: 835 831
671-831: 835 803
671-835: 803 831
672-684: 739 749 639 752 747 725 741 667 693 696
672-690: 635 629 749 643 639 718 747 667 693
673-675: 742 739 773 639 741 824
673-690: 629 639 843 698 693
673-721: 742 846 823 788 792 693
673-731: 742 846 791 788 639 843 734 631 725 696
673-817: 684 788 612 741 765 824 638
674-781: 635 773 827 801 713 696
675-739: 742 773 759 639 795 741 797 824 673
675-741: 742 739 773 759 639 795 824 673
675-742: 739 773 759 639 795 741 673
675-759: 742 739 773 639 795 741 797 824
675-773: 815 742 739 759 639 795 741 824 673
675-795: 742 739 773 759 639 741 797 824
675-797: 739 759 795 824
675-815: 773 639 824
675-824: 815 739 773 759 639 795 741 797 673
676-775: 615
678-764: 
679-686: 748
679-748: 686
68-69: 214 121
681-780: 
682-693: 
682-773: 815 801 843 821 644
682-801: 773 821
682-815: 773 843
682-821: 773 801
682-843: 815 773 644
683-702: 723 754 788 705 639
683-705: 702 730 723 754 788 639 741 667 836
683-725: 823 723 807 788 747 741 713 667 836
683-747: 730 823 723 807 788 725 741 713 772 836
683-754: 702 723 705 639 741
683-772: 846 730 723 807 788 639 747 741 713 836
683-807: 730 723 747 725 713 772
683-823: 846 730 723 788 639 747 725 741 713 836
683-846: 730 823 723 788 639 741 713 667 772 836
684-740: 742 730 823 788 639 734 747 725 696
684-754: 639 734 741 708 696 824
684-775: 759 741 765 693 696 817 638
684-817: 763 788 775 741 765 824 673 638
685-702: 707 632 756
685-707: 702 632 756
685-741: 
685-756: 702 707 632
686-738: 766 656 748 654 618
686-748: 766 656 654 679 738 618
686-766: 656 748 654 738
687-762: 
689-779: 
69-87: 23 98
69-98: 87
690-693: 629 749 763 785 639 718 698 672 673
690-698: 723 763 639 667 693 673
690-730: 635 723 749 807 643 785 718 843 747 795
690-763: 813 635 629 639 843 747 698 693
690-795: 730 635 723 749 643 785 639 718
690-807: 730 635 629 723 749 643 785 718 747
690-813: 723 749 763 643 718 747
690-843: 730 635 723 763 785 639 667 673
691-787: 835
691-822: 624
691-835: 787
693-695: 767 739 629 749 639 718 615 713 672 677
693-721: 823 763 788 792 673
693-746: 823 680 788 759 639 698 696
693-775: 684 759 615 741 765 696 638
694-762: 
695-813: 767 755 723 657 818 749 729 833 718 708
696-704: 846 729 807 785 639 821 667
696-707: 815 706 754 788 639 768 775 638
696-775: 684 759 768 741 707 765 693 638
696-781: 674 635 773 827 801 713
696-808: 755 723 773 785 718 627 839
696-820: 846 729 821 644
697-709: 769 722 622 655 771
697-722: 769 622 655 771 709
697-769: 722 622 655 771 709
697-771: 769 722 622 655 709
698-702: 815 723 754 788 639 734
698-746: 846 823 680 788 759 639 693 836
698-754: 702 815 723 639 734 741 824
698-815: 702 846 723 754 763 788 639 627 824
699-783: 
7-85: 203 67 58
70-83: 94 131 189
70-94: 131 189 83
701-714: 819 633 623 737 800 776
701-737: 758 770 819 633 623 714 800 776
701-758: 819 633 737 800 776
701-770: 819 633 737 800 776
701-776: 758 770 819 633 623 737 714 800
701-789: 633
701-800: 758 770 819 633 623 737 714 776
701-819: 758 770 633 623 737 714 800 776
702-705: 723 754 788 639 683 734
702-707: 815 754 788 639 632 756 685
702-723: 815 754 788 705 639 683 698
702-734: 754 788 705 639 698 756
702-754: 815 723 705 639 683 734 698 707 632 756
702-756: 815 754 788 639 734 707 632 685
702-788: 815 723 705 639 683 734 698 707 632 756
702-815: 723 754 788 639 698 707 632 756
703-810: 720 661 770 819 633 737 811 613 776
704-729: 846 639 821 696
704-785: 846 807 639 821 667 696
704-807: 785 821 696
704-821: 846 729 807 785 639 696
704-846: 729 785 639 821 667 696
705-731: 788 639 843 734 631 667 696
705-740: 730 723 788 827 639 734 839 696 644
705-754: 702 723 639 683 734 631 666 741 696
705-799: 730 723 827 639 833 627 645 696
706-707: 768 696
706-768: 799 730 827 785 833 801 747 707 696
707-754: 702 815 639 666 632 756 696
707-756: 702 815 754 788 639 615 666 632 685
707-768: 706 621 775 696
707-775: 768 615 696 638
707-788: 702 815 639 666 632 756 696 638
707-815: 702 754 788 639 666 632 756 696
708-716: 815 846 739 723 657 639 833 795 824
708-754: 815 723 684 639 734 666 632 756 696 824
708-756: 815 846 754 788 639 843 734 645 666 632
708-813: 723 657 818 749 833 801 695
708-841: 739 657 818 652 833 801 645 795 772 696
709-722: 769 697 622 655 771
709-769: 722 697 622 655 771
709-771: 769 722 697 622 655
71-77: 86 189 142 14 203 175 121
71-96: 86 142 14 203 121
710-733: 835 620 800 803
710-737: 633 653 800
710-761: 
710-774: 
710-800: 633 733 653 737
710-803: 835 620 733
710-806: 616
710-809: 842
710-826: 
710-835: 620 733 803
710-840: 
710-842: 809
710-849: 
711-728: 835 757 837 733
711-733: 728 835 757 837
711-757: 728 835 733
711-835: 728 757 837 733
711-837: 728 835 733
712-724: 633 814 669 737 613 776
712-737: 782 790 758 724 633 814 669 613 776
712-758: 790 633 814 669 737 613 776
712-776: 782 758 724 633 814 669 737 613
712-782: 633 814 669 737 613 776
712-790: 758 633 737
712-814: 782 758 724 633 669 737 613 776
713-781: 674 635 773 827 801 696
714-720: 802 819 633 669 623 737 613 800 776
714-776: 720 802 819 633 669 623 701 737 613 800
714-802: 720 819 633 669 623 737 613 800 776
714-819: 720 802 633 669 623 701 737 613 800 776
715-728: 835 757 837 733
715-733: 728 835 757 837
715-757: 728 835 733
715-835: 728 757 837 733
715-837: 728 835 733
716-726: 688 846 739 823 657 759 639 795 677 824
716-741: 688 846 739 823 723 657 759 639 795 824
716-815: 846 723 639 708 824
718-808: 755 773 785 839 696
719-769: 
720-810: 661 703 770 819 633 737 811 613 776
721-742: 846 823 788 792 667 673
721-763: 846 823 788 693
721-788: 742 846 823 763 792 667 693 673
721-792: 742 823 788 693 673
721-823: 742 846 763 788 792 693 673
721-846: 742 823 763 788 667 673
722-769: 697 622 655 771 709
722-771: 769 697 622 655 709
723-754: 702 815 705 639 683 631 698 741 708 696
723-768: 799 730 755 827 785 621 833 747 696
723-808: 755 773 785 627 839 696
724-743: 720 838 802 819 633 669 737 811 613 776
725-726: 688 739 823 680 657 759 836 677
725-731: 791 788 843 747 631 667 696 673
725-740: 635 823 723 684 807 788 827 718 747 696
725-791: 823 684 788 843 747 731 667 836 677 673
726-797: 846 739 680 657 759 795 772 836 824
726-817: 657 824
728-733: 715 835 757 711 787 837 816
728-757: 715 835 711 733 816
728-787: 835 733
728-816: 835 757 733
728-835: 715 757 711 787 837 733 816
728-837: 715 835 711 733
729-736: 739 657 628 827 833 795 772 696 824 668
729-817: 657 741 765 824
729-820: 846 821 696
73-74: 189 234 116
730-768: 799 706 755 723 827 785 833 801 747 696
731-734: 846 791 788 705 639 843 631 667 696 673
731-742: 846 791 788 639 843 631 667 696 673
731-747: 791 763 788 631 725 696
731-763: 846 788 639 843 747 631 696
731-791: 742 846 788 639 843 734 747 725 667 673
732-748: 778 617
732-778: 617 748
733-757: 728 715 835 711 816
733-769: 835 800 803
733-787: 728 835 803
733-800: 710 769
733-803: 835 710 620 787 769
733-816: 728 835 757
733-837: 728 715 835 711
734-740: 730 684 807 788 705 827 639 839 696 644
734-754: 702 684 705 639 631 698 741 708 756 696
734-756: 702 846 754 788 639 843 708
734-807: 730 740 827 612 631 696 644
735-753: 796 659 826 810
735-796: 753 659 826 810
735-810: 753 796 659 826
735-826: 753 796 659 810 637
736-739: 657 628 729 827 833 795 772 696 824 668
736-772: 739 657 628 729 827 833 795 696 824 668
736-824: 739 657 628 729 833 795 772 696 668
736-827: 739 657 628 729 833 795 772 696
737-790: 758 633 712
737-810: 720 661 703 770 819 633 811 613 776
738-748: 766 686 656 654 618
738-766: 686 656 748 654
74-8: 189 234 116
741-775: 684 759 765 693 696 817 638
742-756: 846 788 639 843 666
743-769: 633 800
743-834: 812 720 845 802 819 633 737 613 776
743-845: 812 834 720 802 819 633 613 800 776
744-824: 
746-747: 823 680 628 788 759 836 696
746-836: 846 823 680 788 652 759 639 747 698 696
746-846: 823 680 628 788 759 639 698 836 696
747-768: 730 706 755 723 827 833 696
747-791: 823 684 788 731 725 836 677 638
748-766: 686 656 654 738
748-778: 732 617
750-769: 
753-796: 659 826 810 735
753-810: 796 659 826 735
753-826: 796 659 810 735
754-756: 702 815 639 734 666 707 632 708
754-824: 815 684 639 698 741 708 696
755-768: 799 730 723 827 785 747 696
755-808: 723 773 785 718 839 696
756-815: 702 846 754 788 639 843 666 707 632 708
756-843: 815 742 846 788 639 734 645 666 708
756-846: 815 742 788 639 843 734 645 666 708
757-816: 728 835 733
757-835: 728 715 711 733 816
758-790: 633 712 737
759-775: 684 741 765 693 696 638
759-779: 
760-811: 661 782 703 633 814 669 737 613 800
760-848: 661 782 703 633 814 623 737 776
762-804: 
763-797: 846 739 680 759 713 765 836 824
763-813: 823 759 747 690
763-815: 846 773 788 639 843 698 696 824
763-817: 684 788 612 741 765 824 638
764-803: 620
764-804: 
765-775: 684 759 741 693 696 817
765-817: 657 684 729 763 788 775 612 741 824 673
768-775: 707 696
768-785: 799 730 706 755 723 827 833 801 696
768-799: 730 706 755 723 827 785 833 801 696
768-801: 799 730 706 827 785 833 696
768-827: 799 730 706 755 723 785 833 801 747 696
768-833: 799 730 706 723 827 785 801 747 696
769-771: 722 697 622 655 709
769-800: 633 743 733 653
769-803: 835 733
769-835: 733 803
77-86: 189 142 14 203 71 175
770-810: 720 661 703 819 633 737 811 613 776
770-845: 720 703 802 819 633 613 800 776
772-794: 
773-781: 674 635 827 801 713 696
773-808: 755 723 785 718 696
775-817: 684 741 765 638
776-810: 720 661 703 770 819 633 737 613
777-800: 653
781-801: 674 635 773 827 713 696
781-827: 674 635 773 801 713 696
783-828: 
785-808: 755 723 773 718 627 839 696
785-815: 846 730 723 773 788 639 627 843 696 824
787-803: 835 733
787-835: 728 733 803 691
788-817: 684 763 612 741 765 824 673 638
794-839: 
796-810: 753 659 826 735
796-826: 753 659 810 735
800-845: 812 720 703 770 802 819 633 743 613 776
801-813: 823 657 749 833 718 708
803-831: 835 671
803-835: 710 620 787 733 769 831 671
808-839: 755 723 785 718 627 696
809-842: 710
810-811: 720 661 703 770 819 633 737 613
810-819: 720 661 703 770 633 737 811 613 776
810-826: 753 796 659 735
812-845: 834 720 848 703 802 819 633 743 613 800
816-835: 728 757 733
820-821: 846 729 696
820-846: 729 821 696
825-830: 
83-94: 70 131 189
830-840: 
831-835: 803 671
834-845: 812 720 848 703 802 819 633 743 613 776
835-837: 728 715 711 733
845-848: 812 834 720 703 802 819 633 776
86-96: 142 14 203 71
87-98: 30 13 69
93-95: 35 91 141 28 165 221 161 205 148 51
